	CXQ_T_tpm	GY_T_tpm	HCM_T_tpm	LGL_T_tpm	MYP_T_tpm	SMJ_T_tpm	XB_T_tpm	CXQ_N_tpm	GY_N_tpm	HCM_N_tpm	LGL_N_tpm	MYP_N_tpm	SMJ_N_tpm	XB_N_tpm
CA1	0	1.12	0	79.21	0.33	0.61	42.15	2980.45	177.88	2995.88	1690.68	1588.75	2898.87	1438.98
GUCA2A	8.15	2.54	6.23	100.97	0.94	1.4	35.93	658.39	618.74	1856.47	608.64	695.97	1264.35	608.61
CA4	1.68	0.48	0.65	20.79	1.04	0.5	48.44	476.24	215.14	611.64	200.33	212.96	465.53	321.43
ZG16	0.21	76.44	0.75	16.01	0	0.02	21.68	276.36	534.63	670.44	279.4	264.95	529.24	423.59
MS4A12	0.08	0.23	0.08	75.02	0	1.63	37.5	486.65	163.67	371.67	541.64	136.36	202.13	458.58
CLCA4	0.04	0.51	0.17	70.88	0.1	0.1	33.85	251.08	289	562.95	434.85	339.87	508.16	93.7
CEACAM7	8.15	52.05	46.22	211.85	26.67	20.23	159.86	1069	1515.66	3077.28	1357.34	1005.45	1272.67	860.2
ITLN1	0	115.34	1.82	17.06	0.27	0.6	30.9	527.26	756.28	223.69	345.63	149.25	700.62	428.68
LYPD8	0.74	25.29	15.55	60.58	4.27	0.07	8.22	356.69	349.09	468.08	342.77	131.79	261.62	72.65
SLC26A2	15.97	10.25	19.6	29.27	6.16	2.01	7.76	169.87	262.73	433.53	310.61	54.9	219.3	15.79
MT1F	10.25	24.88	19.14	14.35	28.4	14.91	22.88	168.54	216.96	513.79	268.18	95.11	183.93	290.39
CLCA1	3.35	427.42	6.61	27.33	0.4	0	4.3	980.96	2045.22	527.66	1314.22	1222.8	696.69	350.12
IGLV7-46	1.35	20.57	6.39	164.22	21.6	72.12	206.09	1097.51	442.92	321.08	1036.11	441.38	1308.48	1418.17
JCHAIN	38.03	358.8	550.38	969.34	139.85	209.67	1443.25	6652.26	5609.88	7207.15	7549.83	9330.57	5212.21	8857.62
CA2	4.45	168.74	5.53	120.19	7.15	9.8	60.15	759.74	522.53	962.89	1236.11	513.73	691.77	324.81
IGLV7-43	6.3	5.02	5.93	92.84	12.34	26.14	133.6	418.79	335.35	261	464.23	269.19	498.94	763.07
MT1G	52.93	138.86	57.8	47.46	96.02	23.27	387.91	704.66	1028.18	1703.42	1197.77	573.35	728.11	1768.47
SLC26A3	0.29	1.56	8.29	181.94	519.01	8.51	84.61	842.34	756.98	2203.54	1612.79	695.19	1465.9	418.58
ADTRP	0.63	34.04	2.1	13.08	2.19	0.74	25.26	147.5	135.31	168.61	97.46	92.77	112.9	67.16
IGLV10-54	6.24	26.44	0	43.59	6.01	3.13	79.04	535.05	130.8	3.02	190.69	361.26	1.02	342.37
IGKV1-9	7.16	87.84	61.96	245.29	56.93	109.91	198.89	953.6	709.23	974.46	1586.25	1204.75	539.97	1390.94
NXPE4	11.12	23.9	8.6	13.2	6.69	0.19	20.82	165.64	143.6	96.17	145.97	100.73	106.67	54.3
HPGD	1.11	8.58	13.93	13.19	16.68	9.46	8.82	73.8	52.79	199.38	75.02	73	93.44	32.82
IGKV6D-21	1.86	0	2.6	14.01	29.39	5.12	17.69	80.79	4.49	141.38	110.16	50.07	101.72	90.9
IGKV1D-16	0	1.38	19.47	19.42	9.38	9.01	29.94	84.97	7.41	13.39	64.33	135.64	56.77	305.18
HHLA2	7.47	34.51	3.82	21.98	20.22	16.66	20.23	142.43	146.7	322.33	116.16	103.57	208.61	69.18
ADH1C	32.19	65.9	107.26	54.18	19.19	1.83	53.97	340.52	622.29	288.24	682.65	252.14	227.77	312.17
IGKV1-6	5.6	33.13	12.39	81.5	50.64	47.79	100.85	352.43	305.06	374.96	359.85	326.91	359.66	542.18
IGHA2	32.41	254.11	65.84	817.59	48.35	75.17	4276.62	7082.64	2340.78	5703.85	5351.68	6318.09	3308.55	13901.35
AKR1B10	0.4	14.57	1.36	20.28	10.7	1.57	21.45	49.53	70.16	102.48	132.65	59.48	106.11	40.91
MEP1A	24.67	21.24	15.76	47.99	4.95	13.24	21.68	110.8	248.93	317.72	155.5	91.54	235.3	63.88
ST6GALNAC6	3.025	8.76	8.245	5.93	7.88	5.51	33.865	126.775	16.565	90.865	25.805	79.745	86.14	88.315
PLAC8	16.56	100.11	77	78.54	20.29	58.88	74.8	362.9	256.99	662.02	260.29	276.61	414.63	553.7
IGKV6-21	1.25	9.94	3.36	25.95	27.74	72.21	43.61	92.59	176.12	154.27	148.76	76.76	53.15	474.11
SELENOP	35.03	52.29	213.28	125.86	174.46	50.27	267.61	969.02	789.02	1969.34	494.2	646.83	908.21	529.41
IGLV5-45	2.5	53.9	1.69	13.9	6.61	22.05	46.38	131.71	274.71	84.69	141.2	252.85	87.57	128.53
IGKV1D-13	1.44	68.12	19.41	12.43	37.2	26.55	17.87	127.14	340.23	124.25	69.38	567.38	151.66	49.22
SDCBP2	7.87	22.08	5.13	32.88	8.15	8.72	50.94	130.61	80.26	207.13	110.28	89.19	178	110.89
MT1E	23.8	46.18	32.24	62.67	72.85	72.45	46.51	212.41	182.91	486.27	396.75	256.74	277.83	348.14
DHRS11	8.46	15.8	9.56	15.95	21.92	11.78	22.76	91.93	103.66	129.37	134.73	64.61	110.74	78.9
CXCL8	186.16	151.54	19.73	58.31	10991.55	5862.63	84.63	1.65	0.76	3.76	1.45	10.82	85.15	9.66
IL1B	29.6	25.43	3.56	16.72	2080.78	1337.05	14.76	2.8	6.75	3.67	1.38	20.2	24.15	19.88
BCL2A1	15.72	13.34	12.08	6.5	859.64	526.46	10.27	2.57	2.2	3.5	2.96	38.22	13.52	12.75
COL1A1	191.14	461.6	337.68	276.36	602.44	378.17	1101.44	25.93	50.47	15.11	22.91	30.29	14.37	30.85
COL12A1	102.77	211.34	94.13	116.99	232.32	155.89	140.38	7.7	29.87	7.11	9.71	22.62	5.42	3.52
PLEK	7.62	7.83	9.33	6.87	782.39	497.24	11.4	6.06	9.67	7.75	7.19	40.2	21.53	13.51
SCD	403.51	66.36	56.29	398.32	105.6	160.91	98.61	17.48	8.58	5.52	9.43	18.85	31.03	20.52
S100A9	40.39	44.89	30.89	21.69	2058.97	732.71	53.84	12.52	2.66	12.46	4.8	192.17	27.37	58.78
IGHG1	106.76	2238.33	7201.39	793.48	1477.55	16189.16	2363.96	483.32	202.75	299.07	219.62	555.69	429.9	793.25
SPP1	500.09	301.85	238.03	41.58	980.1	1287.87	14.02	13.48	126.13	4.62	6.72	12.42	200.17	4.11
COL4A1	121.82	221.14	120.02	116.93	366.05	134.35	234.73	19.47	62	11.79	14.89	35.59	10.91	20.99
COL1A2	354.58	1205.21	899.89	525.98	878.83	786.66	988.99	122.27	208.06	79.98	86.6	94.08	64.41	135.98
TNC	49.24	86.99	125.3	136.12	141.86	116.18	80.01	6.44	32.92	2.84	5.45	39.92	3.87	5.82
FN1	1999.61	360.03	570.7	213.33	1179.35	596.43	261.26	135.47	120.1	53.9	73.46	229.74	59.8	85.61
COL6A3	161.44	492.18	449.69	228.5	348.88	413.51	389.02	63.23	95.33	37.73	44.46	77.79	33.83	59.68
TGFBI	559.05	708.21	532.76	856.56	379.98	390.46	356.37	65.76	140.84	57.43	55.92	62.95	107.57	84.81
IGHG3	9.67	59.52	104.56	23.54	199.75	514.74	205.05	26.58	4.56	11	6.49	76.56	9.94	39.46
COL3A1	383.86	880.59	553.38	376.08	1209.34	784.78	899.7	104.84	217.39	81.86	105.8	99.52	87.83	90.95
COL4A2	55.49	104.7	77.14	65.37	204.03	65.91	203.58	18.58	35.2	12.59	19.28	37.08	14.69	21.4
SPARC	488.07	1493.21	1009.67	604.17	1279.3	796.86	970.95	143.07	286.25	92.07	98.28	118.82	65.83	114.08
LCP2	14.21	18.92	24.47	10.52	579.54	308.41	16.86	12.04	18.26	16.19	8.76	34.62	29.31	14.11
NAMPT	123.59	56.8	60.77	54.9	1216.62	598.2	53.46	29.71	40.28	34	42.15	98.63	55.36	40.73
TPX2	105.59	31.73	46.16	54.61	74.01	54.39	53.33	8.94	9.21	5	15	12.67	16.17	7.64
THY1	169.63	371.98	241.71	123.02	279.27	185.86	272.79	37.09	70.97	16.02	21.04	55.69	20.54	52.52
RNF43	100.25	53.06	82.54	124.52	154.99	48.62	33.42	15.64	13.65	11.78	14.69	15.34	13.03	7.27
TIMP1	404.44	403.46	589.28	207.17	1280	875.66	384.92	116.63	70.2	62.64	44.02	126.58	89.47	186.79
FERMT1	82.73	52.69	300.63	123.3	27.89	22.56	73.58	15.97	15.53	22.61	18.11	20.31	22.74	10.04
FCGR3A	26.71	35.46	55.82	19.26	114.44	134	29.69	4.97	4.58	3.93	4.59	24.93	27.32	9.9
FCGR2A	42.05	59.9	48.12	23.45	714.81	297.79	34.84	20.96	27.38	19.16	20.7	57.09	33.54	22.85
RBP1	69.38	7.35	73.04	353.77	71.06	7.45	14.02	9.63	19.09	14.66	18.86	15.24	5.77	17.26
MMP14	59.34	140.98	105.74	88.29	147.53	105.7	193.63	24.19	22.13	20.11	20.73	35.55	21.54	18.39
SLC12A2	161.7	107.75	93.25	211.21	36.37	139.81	70.13	24.1	29.86	16.53	28.1	30.09	34.8	7.75
S100P	358.44	790.31	519.75	1004.82	186.05	19.2	429.9	104.54	10.86	43.59	13.39	98.01	75.76	239.19
CD44	335.88	298.91	135.04	304.77	312.16	426.03	167.38	38.64	45.2	34.75	45.57	87.81	74.61	36.73
HSPH1	91.96	80.36	120.38	60.81	214.95	110.8	70.06	15.14	27.87	14.78	24.13	35.21	28.7	18.2
MYC	131.22	88.98	133.15	144.66	166.09	146.47	126.52	30.37	19.56	17.71	34.61	37.26	30.57	24.75
RUBCNL	110.26	14.19	54	67.01	57.81	33.92	6.47	10.18	5.69	8.21	9.74	14.95	16.46	9.11
UBE2C	131.62	50.84	102.47	53.81	139.03	98.47	128.4	22.26	14.1	7.54	24.77	24.59	31.38	22.6
AREG	210.12	47.7	172.64	83.12	129.22	53.19	37.99	23.15	13.59	26.08	14.66	35.36	18.95	23.96
SRGN	53.06	66.24	141.1	35.54	1514.88	1042.21	69.12	74.48	76.88	69.52	53	171.02	101.08	92.02
